Run,Messages,Loss,Corruption,Time_bw_messages,Application_A,Transport_A,Transport_B,Application_B,Total_time,Throughput
1,1000,0.4,0.2,50.0,1000,55457,8923,211,51159.718750,0.004124
2,1000,0.4,0.2,50.0,1000,54928,8543,131,47513.171875,0.002757
3,1000,0.4,0.2,50.0,1000,53899,8706,240,51776.703125,0.004635
4,1000,0.4,0.2,50.0,1000,51880,8424,223,48944.101562,0.004556
5,1000,0.4,0.2,50.0,1000,53652,8604,198,49328.414062,0.004014
6,1000,0.4,0.2,50.0,1000,49307,8934,330,50651.683594,0.006515
7,1000,0.4,0.2,50.0,1000,55315,8778,163,48954.515625,0.003330
8,1000,0.4,0.2,50.0,1000,54667,8614,190,49568.503906,0.003833
9,1000,0.4,0.2,50.0,1000,52007,8798,267,50729.992188,0.005263
10,1000,0.4,0.2,50.0,1000,47408,8022,309,49180.621094,0.006283
