Run,Messages,Loss,Corruption,Time_bw_messages,Application_A,Transport_A,Transport_B,Application_B,Total_time,Throughput
1,1000,0.8,0.2,50.0,1000,57594,8911,164,50330.027344,0.003258
2,1000,0.8,0.2,50.0,1000,56596,8703,151,49132.007812,0.003073
3,1000,0.8,0.2,50.0,1000,59225,9161,150,51282.328125,0.002925
4,1000,0.8,0.2,50.0,1000,57341,8877,179,50335.058594,0.003556
5,1000,0.8,0.2,50.0,1000,58063,9007,187,50738.394531,0.003686
6,1000,0.8,0.2,50.0,1000,57575,8995,196,50710.339844,0.003865
7,1000,0.8,0.2,50.0,1000,55762,8602,152,48632.230469,0.003125
8,1000,0.8,0.2,50.0,1000,56193,8731,183,49315.847656,0.003711
9,1000,0.8,0.2,50.0,1000,55562,8604,181,49024.644531,0.003692
10,1000,0.8,0.2,50.0,1000,58266,8936,162,50362.988281,0.003217
