Run,Messages,Loss,Corruption,Time_bw_messages,Application_A,Transport_A,Transport_B,Application_B,Total_time,Throughput
1,1000,0.6,0.2,50.0,1000,11217,4491,509,49566.777344,0.010269
2,1000,0.6,0.2,50.0,1000,11701,4592,537,51748.667969,0.010377
3,1000,0.6,0.2,50.0,1000,11447,4609,542,50483.007812,0.010736
4,1000,0.6,0.2,50.0,1000,11259,4550,512,49402.656250,0.010364
5,1000,0.6,0.2,50.0,1000,11255,4506,525,50102.328125,0.010479
6,1000,0.6,0.2,50.0,1000,11193,4509,487,49742.070312,0.009791
7,1000,0.6,0.2,50.0,1000,11281,4401,520,49523.972656,0.010500
8,1000,0.6,0.2,50.0,1000,11206,4521,519,49593.257812,0.010465
9,1000,0.6,0.2,50.0,1000,11111,4375,521,49040.625000,0.010624
10,1000,0.6,0.2,50.0,1000,11549,4604,524,50538.164062,0.010368
