Run,Messages,Loss,Corruption,Time_bw_messages,Application_A,Transport_A,Transport_B,Application_B,Total_time,Throughput
1,1000,0.6,0.2,50.0,1000,55959,8856,189,50079.203125,0.003774
2,1000,0.6,0.2,50.0,1000,57821,9024,150,50806.441406,0.002952
3,1000,0.6,0.2,50.0,1000,56351,8764,143,48802.632812,0.002930
4,1000,0.6,0.2,50.0,1000,58228,9036,149,50658.500000,0.002941
5,1000,0.6,0.2,50.0,1000,56014,8766,186,50139.324219,0.003710
6,1000,0.6,0.2,50.0,1000,54475,8667,190,49681.253906,0.003824
7,1000,0.6,0.2,50.0,1000,57234,9078,191,50449.527344,0.003786
8,1000,0.6,0.2,50.0,1000,57940,8966,164,50802.144531,0.003228
9,1000,0.6,0.2,50.0,1000,58692,9193,154,51022.515625,0.003018
10,1000,0.6,0.2,50.0,1000,58247,8956,142,50230.820312,0.002827
