Run,Messages,Loss,Corruption,Time_bw_messages,Application_A,Transport_A,Transport_B,Application_B,Total_time,Throughput
1,1000,0.1,0.2,50.0,1000,1936,1763,999,49074.308594,0.020357
2,1000,0.1,0.2,50.0,1000,1886,1705,999,49206.199219,0.020302
3,1000,0.1,0.2,50.0,1000,1915,1725,999,48193.464844,0.020729
4,1000,0.1,0.2,50.0,1000,1878,1713,996,50022.390625,0.019911
5,1000,0.1,0.2,50.0,1000,1912,1731,999,50455.867188,0.019799
6,1000,0.1,0.2,50.0,1000,1811,1632,999,49504.503906,0.020180
7,1000,0.1,0.2,50.0,1000,1983,1764,995,49714.664062,0.020014
8,1000,0.1,0.2,50.0,1000,1897,1717,999,50851.363281,0.019645
9,1000,0.1,0.2,50.0,1000,1978,1790,999,50890.324219,0.019630
10,1000,0.1,0.2,50.0,1000,1841,1667,999,48968.527344,0.020401
