Run,Messages,Loss,Corruption,Time_bw_messages,Application_A,Transport_A,Transport_B,Application_B,Total_time,Throughput
1,1000,0.4,0.2,50.0,1000,10457,6244,866,49927.199219,0.017345
2,1000,0.4,0.2,50.0,1000,10482,6218,900,47932.425781,0.018776
3,1000,0.4,0.2,50.0,1000,9002,5328,950,50818.289062,0.018694
4,1000,0.4,0.2,50.0,1000,10683,6345,938,50591.316406,0.018541
5,1000,0.4,0.2,50.0,1000,10296,6191,988,50470.695312,0.019576
6,1000,0.4,0.2,50.0,1000,9363,5645,941,51393.250000,0.018310
7,1000,0.4,0.2,50.0,1000,10860,6534,869,49824.433594,0.017441
8,1000,0.4,0.2,50.0,1000,10507,6337,925,49460.078125,0.018702
9,1000,0.4,0.2,50.0,1000,10587,6324,931,49038.796875,0.018985
10,1000,0.4,0.2,50.0,1000,10520,6300,849,48931.113281,0.017351
