Run,Messages,Loss,Corruption,Time_bw_messages,Application_A,Transport_A,Transport_B,Application_B,Total_time,Throughput
1,1000,0.8,0.2,50.0,1000,12031,2398,232,49736.992188,0.004665
2,1000,0.8,0.2,50.0,1000,12265,2450,213,50626.035156,0.004207
3,1000,0.8,0.2,50.0,1000,12360,2465,220,51100.812500,0.004305
4,1000,0.8,0.2,50.0,1000,12071,2472,213,50004.792969,0.004260
5,1000,0.8,0.2,50.0,1000,12176,2403,211,50148.523438,0.004208
6,1000,0.8,0.2,50.0,1000,12112,2459,240,50352.226562,0.004766
7,1000,0.8,0.2,50.0,1000,11945,2316,201,49386.968750,0.004070
8,1000,0.8,0.2,50.0,1000,11718,2383,216,48703.656250,0.004435
9,1000,0.8,0.2,50.0,1000,12267,2378,232,50893.812500,0.004559
10,1000,0.8,0.2,50.0,1000,11942,2393,211,49659.644531,0.004249
