Run,Messages,Loss,Corruption,Time_bw_messages,Application_A,Transport_A,Transport_B,Application_B,Total_time,Throughput
1,1000,0.2,0.2,50.0,1000,2471,1967,997,50795.785156,0.019628
2,1000,0.2,0.2,50.0,1000,2496,1980,999,51082.835938,0.019556
3,1000,0.2,0.2,50.0,1000,95224,8513,300,49755.464844,0.006029
4,1000,0.2,0.2,50.0,1000,2603,2085,999,50581.199219,0.019750
5,1000,0.2,0.2,50.0,1000,2361,1892,999,51474.011719,0.019408
6,1000,0.2,0.2,50.0,1000,2256,1802,999,51380.636719,0.019443
7,1000,0.2,0.2,50.0,1000,2628,2097,998,49639.519531,0.020105
8,1000,0.2,0.2,50.0,1000,2538,2042,999,50856.359375,0.019644
9,1000,0.2,0.2,50.0,1000,2872,2247,999,50403.257812,0.019820
10,1000,0.2,0.2,50.0,1000,2541,2031,999,49316.539062,0.020257
