Run,Messages,Loss,Corruption,Time_bw_messages,Application_A,Transport_A,Transport_B,Application_B,Total_time,Throughput
1,1000,0.5,0.2,50.0,1000,10970,5553,707,49661.832031,0.014236
2,1000,0.5,0.2,50.0,1000,11141,5540,731,50582.457031,0.014452
3,1000,0.5,0.2,50.0,1000,11108,5434,680,50422.773438,0.013486
4,1000,0.5,0.2,50.0,1000,11321,5662,685,50999.238281,0.013432
5,1000,0.5,0.2,50.0,1000,11010,5461,662,49931.664062,0.013258
6,1000,0.5,0.2,50.0,1000,11061,5520,707,50107.863281,0.014110
7,1000,0.5,0.2,50.0,1000,11097,5505,690,50428.113281,0.013683
8,1000,0.5,0.2,50.0,1000,10972,5527,720,49851.378906,0.014443
9,1000,0.5,0.2,50.0,1000,11287,5577,713,51153.429688,0.013938
10,1000,0.5,0.2,50.0,1000,10944,5480,726,49178.550781,0.014763
