Run,Messages,Loss,Corruption,Time_bw_messages,Application_A,Transport_A,Transport_B,Application_B,Total_time,Throughput
1,1000,0.5,0.2,50.0,1000,56720,9079,183,50972.566406,0.003590
2,1000,0.5,0.2,50.0,1000,56286,8779,132,48977.660156,0.002695
3,1000,0.5,0.2,50.0,1000,57716,9100,164,51663.417969,0.003174
4,1000,0.5,0.2,50.0,1000,52294,8490,218,48677.949219,0.004478
5,1000,0.5,0.2,50.0,1000,56394,8837,176,49826.144531,0.003532
6,1000,0.5,0.2,50.0,1000,57641,8994,145,50691.355469,0.002860
7,1000,0.5,0.2,50.0,1000,58919,9239,158,51431.519531,0.003072
8,1000,0.5,0.2,50.0,1000,49282,8335,293,48852.988281,0.005998
9,1000,0.5,0.2,50.0,1000,55715,8829,193,49677.847656,0.003885
10,1000,0.5,0.2,50.0,1000,58314,9050,146,50845.085938,0.002871
